71100213321203820220128081812
71100213321203720220128081301
71100213321203620220128080624
71100213321203520220128080036
71100213321203420220128075615
71100213321203320220128074758
71100213321203220220128074404
71100213321203120220128073628
71100213321202920220128071656
71100213321202820220128070825
71100213321202620220128065318
71100213321202520220128064222
71100213321202420220128063817
71100213321202320220128063339
71100213321202220220128062806
71100213321202120220128062435
71100213321202020220128061938
71100213321201920220128061433
71100213321201820220128060900
71100213321201620220128060348
71100213321201520220128055739
71100213321201420220128055143
71100213321201320220128054609
71100213321201220220128053910
71100213321201120220128053335
71100213321201020220128052827
71100213321200920220128052200
71100213321200820220128051528
71100213321200720220128051050
71100213321200520220128050201
71100213321200420220128045555
71100213321200320220128045048
71100213321200220220128044255
71100213321200120220128043501
71100213321200020220128042819
71100213321199820220128042136
71100213321199720220128041502
71100213321199620220128041034
71100213321199520220128040644
71100213321199420220128035856
71100213321199320220128035507
71100213321199220220128034900
71100213321199120220128034105
71100213321198920220128033117
71100213321199020220128033530
71100213321198820220128032648
71100213321198720220128032252
71100213321198620220128031632
71100213321198420220128030825
71100213321198320220128030024
71100213321198220220128025153
71100213321198120220128024834
71100213321198020220128024522
71100213321197920220128023952
71100213321197820220128023406
71100213321197720220128022925
71100213321197620220128022301
71100213321197520220128021649
71100213321197420220128021211
71100213321197320220128020604
71100213321197020220128015434
71100213321196920220128014937
71100213321196720220128013815
71100213321196820220128014417
71100213321196520220128013149
71100213321196420220128012848
71100213321196320220128012457
71100213321196220220128011934
71100213321196120220128011401
71100213321196020220128010741
71100213321195920220128010152
71100213321195820220128005710
71100213321195720220128005330
71100213321195620220128004416
71100213321195520220128003838
71100213321195420220128003220
71100213321195320220128002558
71100213321195220220128001839
71100213321195120220128001329
71100213321194920220128000619
71100213321194820220128000113
71100213321194720220127235455
71100213321194620220127234813
71100213321194520220127234206
71100213321194420220127233138
71100213321194320220127232007
71100213321203020220128072631
71100213321194220220127093231
71100213321194020220127092210
71100213321193920220127091346
71100213321193820220127090837
71100213321193720220127090300
71100213321193520220127085705
71100213321193420220127085259
71100213321193320220127084921
71100213321193220220127084348
71100213321193120220127083741
71100213321193020220127083152
71100213321192920220127082608
71100213321192820220127082133
71100213321192720220127081409
71100213321192620220127080837
71100213321192520220127080136
71100213321192420220127074859
71100213321192320220127074007
71100213321192220220127073511
71100213321192120220127072706
71100213321191920220127070736
71100213321191720220127065339
71100213321191620220127065014
71100213321191520220127064454
71100213321191320220127063645
71100213321191220220127063120
71100213321191120220127062726
71100213321191020220127062341
71100213321190920220127062007
71100213321190820220127061250
71100213321190720220127060642
71100213321190620220127060225
71100213321190420220127055039
71100213321190320220127054603
71100213321190120220127053452
71100213321189920220127052136
71100213321189820220127051148
71100213321189720220127050144
71100213321189620220127045512
71100213321189520220127045013
71100213321189420220127044506
71100213321189320220127043938
71100213321189220220127043510
71100213321189120220127042523
71100213321189020220127042108
71100213321188920220127041555
71100213321188820220127041002
71100213321188720220127040534
71100213321188620220127035826
71100213321188520220127035130
71100213321188420220127034824
71100213321188320220127034424
71100213321188220220127033941
71100213321188120220127033416
71100213321188020220127032905
71100213321187920220127032529
71100213321187820220127032121
71100213321187720220127031805
71100213321187620220127031334
71100213321187520220127031008
71100213321187420220127030456
71100213321187320220127030023
71100213321187220220127025655
71100213321187120220127025228
71100213321187020220127024813
71100213321186820220127024401
71100213321186720220127023846
71100213321186620220127023458
71100213321186520220127022823
71100213321186420220127022207
71100213321186320220127021836
71100213321186120220127020526
71100213321186020220127015947
71100213321185920220127015228
71100213321185820220127014443
71100213321185720220127013910
71100213321185620220127013404
71100213321185520220127013003
71100213321185420220127012549
71100213321185320220127012043
71100213321185220220127011543
71100213321184720220126090757
71100213321184620220126085726
71100213321184420220126085019
71100213321184320220126084529
71100213321184220220126083839
71100213321184120220126083239
71100213321184020220126082806
71100213321183920220126082140
71100213321183820220126081504
71100213321183720220126080644
71100213321183620220126075117
71100213321183420220126073501
71100213321183320220126072925
71100213321183220220126072239
71100213321183120220126071706
71100213321183020220126071123
71100213321182720220126065459
71100213321182620220126064845
71100213321182520220126064400
71100213321182320220126062327
71100213321182020220126055302
71100213321181920220126054657
71100213321181820220126053200
71100213321181620220126052334
71100213321181520220126051830
71100213321181420220126051346
71100213321181320220126050609
71100213321181220220126045312
71100213321181120220126042104
71100213321180920220126041306
71100213321180620220126035939
71100213321180520220126035420
71100213321180420220126034900
71100213321180320220126034428
71100213321180220220126034006
71100213321180020220126033209
71100213321179920220126032709
71100213321179820220126032109
71100213321179720220126031627
71100213321179620220126031221
71100213321179520220126030604
71100213321179420220126030143
71100213321179220220126025242
71100213321179120220126024706
71100213321179020220126024245
71100213321178920220126023512
71100213321178820220126023126
71100213321178720220126022800
71100213321178620220126022340
71100213321178520220126021727
71100213321178420220126021116
71100213321178220220126020449
71100213321178120220126015913
71100213321178020220126015051
71100213321177920220126014339
71100213321177720220126013639
71100213321177620220126012922
71100213321177320220126012254
71100213321177220220126011925
71100213321177120220126011610
71100213321177020220126010834
71100213321176920220126010314
71100213321176820220126005936
71100213321176720220126005513
71100213321176620220126005106
71100213321176420220126004425
71100213321176320220126004055
71100213321176220220126003505
71100213321176020220126002525
71100213321175920220126001809
71100213321175820220126001249
71100213321175720220126000214
71100213321175620220125235638
71100213321175420220125234737
71100213321175320220125233748
71100213321175220220125233041
71100213321175120220125231834
71100213321175020220125231017
71100213321174920220125230031
71100213321174820220125224735
71100213321174520220125105233
71100213321174420220125104614
71100213321174220220125102009
71100213321174120220125100929
71100213321173920220125090955
71100213321173820220125090123
71100213321173720220125085427
71100213321173520220125081820
71100213321173420220125080408
71100213321173220220125075221
71100213321173120220125074535
71100213321173020220125073707
71100213321172920220125073252
71100213321172720220125072512
71100213321172620220125072032
71100213321172420220125070548
71100213321172320220125065844
71100213321172220220125064837
71100213321172120220125064122
71100213321172020220125063459
71100213321171920220125062949
71100213321171820220125062454
71100213321171720220125061942
71100213321171620220125061205
71100213321171520220125060553
71100213321171420220125060109
71100213321171220220125054750
71100213321171120220125053517
71100213321170920220125053031
71100213321170820220125052331
71100213321170720220125051827
71100213321170620220125051341
71100213321170520220125050905
71100213321170420220125050436
71100213321170320220125045533
71100213321170220220125045138
71100213321170120220125044727
71100213321170020220125044249
71100213321169920220125043600
71100213321169820220125043200
71100213321169720220125042540
71100213321169620220125042108
71100213321169420220125041154
71100213321169320220125040705
71100213321169220220125040200
71100213321169120220125035439
71100213321169020220125034927
71100213321168920220125034351
71100213321168820220125033837
71100213321168720220125033353
71100213321168620220125033002
71100213321168520220125032531
71100213321168420220125031920
71100213321168320220125031453
71100213321168220220125031055
71100213321168120220125030345
71100213321167920220125025118
71100213321167820220125024329
71100213321167720220125023921
71100213321167620220125023341
71100213321167520220125022452
71100213321167420220125021931
71100213321167320220125021427
71100213321167220220125020853
71100213321167120220125020231
71100213321167020220125015733
71100213321166920220125014825
71100213321165920220124090346
71100213321165820220124085751
71100213321165720220124085331
71100213321165620220124084404
71100213321165520220124083855
71100213321165420220124082826
71100213321165320220124082454
71100213321165220220124081905
71100213321165120220124081125
71100213321165020220124080520
71100213321164920220124080127
71100213321164820220124075430
71100213321164720220124074957
71100213321164620220124074105
71100213321164520220124073559
71100213321164420220124072935
71100213321164320220124072501
71100213321164220220124072001
71100213321164020220124070618
71100213321163920220124070125
71100213321163820220124065517
71100213321163720220124064757
71100213321163620220124064204
71100213321163520220124063543
71100213321163420220124063120
71100213321163320220124062306
71100213321163220220124061741
71100213321162920220124055022
71100213321162820220124054222
71100213321162620220124051856
71100213321162720220124053330
71100213321162520220124050133
71100213321162420220124044736
71100213321162220220124042142
71100213321162120220124041154
71100213321162020220124040515
71100213321161820220124035221
71100213321161620220124033652
71100213321161520220124033128
71100213321161420220124032538
71100213321161320220124031455
71100213321161220220124030953
71100213321161120220124030438
71100213321161020220124025700
71100213321160920220124025142
71100213321160720220124023505
71100213321160820220124024205
71100213321160520220124022421
71100213321160420220124021818
71100213321160320220124020753
71100213321160220220124015859
71100213321160120220124015409
71100213321160020220124014837
71100213321159920220124014327
71100213321159820220124013804
71100213321159720220124013406
71100213321159620220124012849
71100213321159520220124012136
71100213321159120220124005109
71100213321159020220124004225
71100213321158920220124003549
71100213321158820220124002351
71100213321158620220124001031
71100213321158720220124001655
71100213321158520220124000523
71100213321158320220123234616
71100213321158420220123235613
